Per_G_SCG := [
[ 2136207853689752814682445476815553697534925510887, 39181790290357422301672498923947845681479238688736240156995344, 95121502723803044711412807763143857936129687579899708050407401, 123025715196270214886700590484788709739525784291722583877875742 ],
[ 2136207853689752814682445476815553697534925510887, 39181790290357422301672498923947845681479238688736240156995344, 95102886047498991851460451764171624411103490215251838195630057, 123044331872574267746652946483760943264551981656370453732653086 ],
[ 2136207853689752814682445476815553697534925510887, 39163011876524989163380993415433935642261269340568253129779112, 96227255428186354154726980263139406321546583943582296650349097, 121966665920175248744891287036085078881401948534255954783438150 ],
[ 2136207853689752814682445476815553697534925510887, 39163011876524989163380993415433935642261269340568253129779112, 95110251904550188297407029484538507763118932070815798188116294, 123083669443811414602211237814685977439829600407022453245670953 ],
[ 2136207853689752814682445476815553697534925510887, 39163011876303126514892233383453925113733725604609949057351440, 96229191731845963149407087755125198851527301946134971148304361, 121964729616737502398699939576079296879948774267661584357910558 ],
[ 2136207853689752814682445476815553697534925510887, 39163011590119887091402043037657854102831291682296762016532984, 96229191719424398704322488219970119833219480066833185046681497, 121964729915342306267274729457030446909159030069276557500351878 ],
[ 2136207853689752814682445476815553697534925510887, 39163011590119887091402043037657854102831291682296762016532984, 95112110217373906553309273892668621024274541040481038815096710, 123081811417392798418287943784331945718103969095628703731936665 ],
[ 2136207853689752814682445476815553697534925510887, 39163011578221401926846904563935266290559559958468274126321640, 95110170973905001029105699551535038108200206104151487060932870, 123083750672760189107046656599188116446450035755786743376311849 ],
[ 2136207853689752814682445476815553697534925510887, 39163011578138139759958906249856474069785113058013308638378967, 95156796973341368538780914905793484448647536337378922150782317, 123037124673260958282385353465324953929725142022896017120825326 ],
[ 2136207853689752814682445476815553697534925510887, 39163011578136699091939701783550212924356315992490374409434519, 95156796973355553613813056411463483251795669654325810439341421, 123037124673248213875372416425961216272005805771472063061210670 ],
[ 2136207853689752814682445476815553697534925510887, 39163011578136699091939701783550212924356315992490374409434519, 95110170974023639494191960480749395345473618446517490808735085, 123083750672580127994993512356675304178327856979280382691817006 ],
[ 2136207853689752814682445476815553697534925510887, 39163011577797180302248722850907463951098688854126488476243245, 95156796973682327996491098304742494567333960541265742312918039, 123037124673260958282385353465324953929725142022896017120825326 ],
[ 2136207853689752814682445476815553697534925510887, 39163011577795739634229518384601202805669891788603554247298797, 95156796973696513071523239810412493370482093858212630601477143, 123037124673248213875372416425961216272005805771472063061210670 ],
[ 2136207853689752814682445476815553697534925510887, 39163011577795739634229518384601202805669891788603554247298797, 95110170974364598951902143879698405464160042650404310970870807, 123083750672580127994993512356675304178327856979280382691817006 ],
[ 2136207853689752814682445476815553697534925510887, 39163011577719544123480567011587434894587410610342099594311209, 95110170974392085968694836560903229452431886566624738436243880, 123083750672774961970823857142167756498190504641439666533011270 ],
[ 2136207853689752814682445476815553697534925510887, 39163011577719544123480567011587434894587410610342099594311209, 89515455034722709636457097255063184015641044890261762184110504, 128678466612444338303061596448007801934981346317802642785144646 ],
[ 2136207853689752814682445476815553697534925510887, 39163011577719544091675766501671473961352748909326448595138094, 95110170974392141022798147241972636530446254531061119104373505, 123083750672774906948525346971014310353410798378018936864054760 ],
[ 2136207853689752814682445476815553697534925510887, 39163011577719544091675766501671473961352748909326448595138094, 95110170974392085968694836560903229452431886566624738436243880, 123083750672774962002628657652083717431425166342455317532184385 ],
[ 2136207853689752814682445476815553697534925510887, 39163011577719544091675766501671473961352748909326448595138094, 89515455034722764690560407936132591093655412854698142852240129, 128678466612444283280763086276854355790201640054381913116188136 ],
[ 2136207853689752814682445476815553697534925510887, 39163011577719544091675766501671473961352748909326448595138094, 89515455034722709636457097255063184015641044890261762184110504, 128678466612444338334866396957923762868216008018818293784317761 ],
[ 2136207853689752814682445476815553697534925510887, 39163011577699224357343436381446641888674013197483091633633601, 95110170974413820819072530609683784677540038793718003883897886, 123083750672773546886583293723527994278995749827205409046034872 ],
[ 2136207853689752814682445476815553697534925510887, 39163011577699224357343436381446641888674013197483091633633601, 89515455034744444486834791303843739240749197117355027631764510, 128678466612442923218821033029368039715786591503568385298168248 ],
[ 2136207853689752814682445476815553697534925510887, 39163011577698377700420754183572182162537837767431356583039745, 95110170974413307414053159560071928329261165672956211116471854, 123083750672774906948525346971014310353410798378018936864054760 ],
[ 2136207853689752814682445476815553697534925510887, 39163011577698377700420754183572182162537837767431356583039745, 89515455034743931081815420254231882892470323996593234864338478, 128678466612444283280763086276854355790201640054381913116188136 ],
[ 2136207853689752814682445476815553697534925510887, 39163011577698322646317443521724045519155054953898878929002920, 95112194526189678473944894654493871084037961886875671383832105, 123081727120998590942736922538440504242016784977631954250731334 ],
[ 2136207853689752814682445476815553697534925510887, 39163011577698322646317443521724045519155054953898878929002920, 95112191019163289184396594068518604629003885364739480786800454, 123081730628024980232285223124415770697050861499768144847762985 ],
[ 2136207853689752814682445476815553697534925510887, 39163011577698322646317443521724045519155054953898878929002920, 95110174487528207064370418465684533584656851507838159015704105, 123083747159660062352311398727249841741397895356669466618859334 ],
[ 2136207853689752814682445476815553697534925510887, 39163011577698322646317443521724045519155054953898878929002920, 95110170980516642086304170039643081041761182685716560282187305, 123083750666671627330377647153291294284293564178791065352376134 ],
[ 2136207853689752814682445476815553697534925510887, 39163011577698322646317443521724045519155054953898878929002920, 95110170980501869158806750477967716888826888222867670459453254, 123083750666686400257875066714966658437227858641639955175110185 ],
[ 2136207853689752814682445476815553697534925510887, 39163011577698322646317443521724045519155054953898878929002920, 95110170974413307414053163241133834430865419393345281051299654, 123083750672774962002628653951800540895189327471162344583263785 ],
[ 2136207853689752814682445476815553697534925510887, 39163011577698322646317443521724045519155054953898878929002920, 94879885872925137573065940035109874773583785338671589110026054, 123314035774263131843615877157824500552470961525836036524537385 ],
[ 2136207853689752814682445476815553697534925510887, 39163011577698322646317443521724045519155054953898878929002920, 94879885872914548757265542439620520171310943181341221139838505, 123314035774273720659416274753313855154743803683166404494724934 ],
[ 2136207853689752814682445476815553697534925510887, 39163011577698322646317443521724045519155054953898878929002920, 94877057818799095217027833118751127906177350312206940005437254, 123316863828389174199653984074183247419877396552300685629126185 ],
[ 2136207853689752814682445476815553697534925510887, 39163011577698322646317443521724045519155054953898878929002920, 94877057818788543104073601664874951703335992604512267757745705, 123316863828399726312608215528059423622718754259995357876817734 ],
[ 2136207853689752814682445476815553697534925510887, 39163011577698322646317443521724045519155054953898878929002920, 94877057810275108774217935454811831530816409461085988335882054, 123316863836913160642463881738122543795238337403421637298681385 ],
[ 2136207853689752814682445476815553697534925510887, 39163011577698322646317443521724045519155054953898878929002920, 94877057810264556661418579533386938374814388059385138512459305, 123316863836923712755263237659547436951240358805122487122104134 ],
[ 2136207853689752814682445476815553697534925510887, 39163011577698322646317443521724045519155054953898878929002920, 89748571711997029448299419335964767876545203205386843494348329, 128445349935191239968382397856969607449509543659120782140215110 ],
[ 2136207853689752814682445476815553697534925510887, 39163011577698322646317443521724045519155054953898878929002920, 89518288007210106882872289262824815457508945695256631323889478, 128675633639978162533809527930109559868545801169250994310673961 ],
[ 2136207853689752814682445476815553697534925510887, 39163011577698322646317443521724045519155054953898878929002920, 89518283097393915837115278689325934197822176688311030734884678, 128675638549794353579566538503608441128232570176196594899678761 ],
[ 2136207853689752814682445476815553697534925510887, 39163011577698322646317443521724045519155054953898878929002920, 89515459953084108570249581716401882669420296985756770132004678, 128678461694104160846432235476532492656634449878750855502558761 ],
[ 2136207853689752814682445476815553697534925510887, 39163011577698322646317443521724045519155054953898878929002920, 89515455043267917524492571142903001409733553031682991480868678, 128678466603920351892189246050031373916321193832824634153694761 ],
[ 2136207853689752814682445476815553697534925510887, 39163011577698322646317443521724045519155054953898878929002920, 89515455034743931081815423935293788994074577716982304799166278, 128678466612444338334866393257640586331980169147525320835397161 ],
[ 2136207853689752814682445476815553697534925510887, 39163011577698322646317443502502775084523469802994975914910120, 95110255142934409124981905362049512812933740903551608627758465, 123083666504253860291699911850106132947752591111859920020897774 ],
[ 2136207853689752814682445476815553697534925510887, 39163011577698322646317443502502775084523469802994975914910120, 95110251922343563512443185434439041292304132479026754822669638, 123083669724844705904238631777716604468382199536384773825986601 ],
[ 2136207853689752814682445476815553697534925510887, 39163011577698322646317443502502775084523469802994975914910120, 95110174487528207096175215294538588416287259488464739995979590, 123083747159660062320506601917617057344399072526946788652676649 ],
[ 2136207853689752814682445476815553697534925510887, 39163011577698322646317443502502775084523469802994975914910120, 95110174487513434168788421075243758117751073884519541580297769, 123083747159674835247893396136911887642935258130891987068358470 ],
[ 2136207853689752814682445476815553697534925510887, 39163011577698322646317443502502775084523469802994975914910120, 95110171120797104656060206546934960176865185695996057442387270, 123083750526391164760621610665220685583821146319415471206268969 ],
[ 2136207853689752814682445476815553697534925510887, 39163011577698322646317443502502775084523469802994975914910120, 95110170980516642086304173739975076320731020038056670881969705, 123083750666671627330377643472180569439955311977354857766686534 ],
[ 2136207853689752814682445476815553697534925510887, 39163011577698322646317443502502775084523469802994975914910120, 95110170980516642054388747849785010218491501216782687063340590, 123083750666671627362293069362370635542194830798628841585315649 ],
[ 2136207853689752814682445476815553697534925510887, 39163011577698322646317443502502775084523469802994975914910120, 95110170980501869158806746796856992044488636021431462873763654, 123083750666686400257875070415298653716197695993980065774892585 ],
[ 2136207853689752814682445476815553697534925510887, 39163011577698322646317443502502775084523469802994975914910120, 95110170974671622779425304102440043309327355689607497104889321, 123083750672516646637256513109715602451358976325804031543766918 ],
[ 2136207853689752814682445476815553697534925510887, 39163011577698322646317443502502775084523469802994975914910120, 95110170974656849883843303049544442324345157100977540979158913, 123083750672531419532838514162611203436341174914433987669497326 ],
[ 2136207853689752814682445476815553697534925510887, 39163011577698322646317443502502775084523469802994975914910120, 95110170974428080309635160612967529314236296259624785272344390, 123083750672760189107046656599188116446450035755786743376311849 ],
[ 2136207853689752814682445476815553697534925510887, 39163011577698322646317443502502775084523469802994975914910120, 95110170974413307445857960069987889262495827373971862115644969, 123083750672774961970823857142167756498190504641439666533011270 ],
[ 2136207853689752814682445476815553697534925510887, 39163011577698322646317443502502775084523469802994975914910120, 95110170974413307414053159560071928329261165672956211116471854, 123083750672774962002628657652083717431425166342455317532184385 ],
[ 2136207853689752814682445476815553697534925510887, 39163011577698322646317443502502775084523469802994975914910120, 89527191494500465235342311499752149488978275939452059558805486, 128666730152687804181339505712403496271708056075959469089850753 ],
[ 2136207853689752814682445476815553697534925510887, 39163011577698322646317443502502775084523469802994975914910120, 89524881244786974672984026113702021953990322830643324012513711, 128669040402401294743697791098453623806696009184768204636142528 ],
[ 2136207853689752814682445476815553697534925510887, 39163011577698322646317443502502775084523469802994975914910120, 89524881236603947688013964794412738285581969975188355819515496, 128669040410584321728667852417742907475104362040223172829140743 ],
[ 2136207853689752814682445476815553697534925510887, 39163011577698322646317443502502775084523469802994975914910120, 89524876699992237382396767377383413832320023860561316445783361, 128669044947196032034285049834772231928366308154850212202872878 ],
[ 2136207853689752814682445476815553697534925510887, 39163011577698322646317443502502775084523469802994975914910120, 89524876699977631558170551476205342088609031271665089953890345, 128669044947210637858511265735950303672077300743746438694765894 ],
[ 2136207853689752814682445476815553697534925510887, 39163011577698322646317443502502775084523469802994975914910120, 89524876699977631528803934026900529669465938070228502200647726, 128669044947210637887877883185255116091220393945183026448008513 ],
[ 2136207853689752814682445476815553697534925510887, 39163011577698322646317443502502775084523469802994975914910120, 89524865246077860383770919020939811295300590815502285499212719, 128669056401110409032910898191215834465385741199909243149443520 ],
[ 2136207853689752814682445476815553697534925510887, 39163011577698322646317443502502775084523469802994975914910120, 89524864402948435497839038161699228904731647203737688356196975, 128669057244239833918842779050456416855954684811673840292459264 ],
[ 2136207853689752814682445476815553697534925510887, 39163011577698322646317443502502775084523469802994975914910120, 89524864402933829926249769567330643387939024283720679303148288, 128669057244254439490432047644825002372747307731690849345507951 ],
[ 2136207853689752814682445476815553697534925510887, 39163011577698322646317443502502775084523469802994975914910120, 89524860538513941814777696236628653152400028670537116150690567, 128669061108674327601904120975526992608286303344874412497965672 ],
[ 2136207853689752814682445476815553697534925510887, 39163011577698322646317443502502775084523469802994975914910120, 89524784450376422564215439909511320358613099282346768954583144, 128669137196811846852466377302644325402073232733064759694073095 ],
[ 2136207853689752814682445476815553697534925510887, 39163011577698322646317443502502775084523469802994975914910120, 89524783743094985862116336608137120480521361259256596025415150, 128669137904093283554565480604018525280164970756154932623241089 ],
[ 2136207853689752814682445476815553697534925510887, 39163011577698322646317443502502775084523469802994975914910120, 89524780383363302518272492882145628033753029970877067729564416, 128669141263824966898409324330010017726933302044534460919091823 ],
[ 2136207853689752814682445476815553697534925510887, 39163011577698322646317443502502775084523469802994975914910120, 89524780375180275533302431562888761554365343722143376764737479, 128669141272007993883379385649266884206320988293268151883918760 ],
[ 2136207853689752814682445476815553697534925510887, 39163011577698322646317443502502775084523469802994975914910120, 89524780243082839919659604698173944618487488950317892701546600, 128669141404105429497022212513981701142198843065093635947109639 ],
[ 2136207853689752814682445476815553697534925510887, 39163011577698322646317443502502775084523469802994975914910120, 89524780242853901512353751119497495759493317213288516373652399, 128669141404334367904328066092658150001193014802123012275003840 ],
[ 2136207853689752814682445476815553697534925510887, 39163011577698322646317443502502775084523469802994975914910120, 89524780234899812934689543378917078139099802701584201736725423, 128669141412288456481992273833238567621586529313827326911930816 ],
[ 2136207853689752814682445476815553697534925510887, 39163011577698322646317443502502775084523469802994975914910120, 89524780234670874527383689800208212091084964357833557352933480, 128669141412517394889298127411947433669601367657577971295722759 ],
[ 2136207853689752814682445476815553697534925510887, 39163011577698322646317443502502775084523469802994975914910120, 89524779736952879160288709740653539502932052232956106484748904, 128669141910235390256393107471502106257754279782455422163907335 ],
[ 2136207853689752814682445476815553697534925510887, 39163011577698322646317443502502775084523469802994975914910120, 89524779731122463977075283067949273979477800187471353787127744, 128669141916065805439606534144206371781208531827940174861528495 ],
[ 2136207853689752814682445476815553697534925510887, 39163011577698322646317443502502775084523469802994975914910120, 89524779731107859885197825555259478154471734025149977621261743, 128669141916080409531483991656896167606214597990261551027394496 ],
[ 2136207853689752814682445476815553697534925510887, 39163011577698322646317443502502775084523469802994975914910120, 89524779703017662964564031252665076738092674417799384409857006, 128669141944170606452117785959490569022593657597612144238799233 ],
[ 2136207853689752814682445476815553697534925510887, 39163011577698322646317443502502775084523469802994975914910120, 89524779703003058869633313245049059972198410116906845925026177, 128669141944185210547048503967106585788487921898504682723630062 ],
[ 2136207853689752814682445476815553697534925510887, 39163011577698322646317443502502775084523469802994975914910120, 89515960753181365579783710958778507520489458355047389984137048, 128677960894006903836898106253377138240196873660364138664519191 ],
[ 2136207853689752814682445476815553697534925510887, 39163011577698322646317443502502775084523469802994975914910120, 89515960753166583581895860684062751253944916271650621315278352, 128677960894021685834785956528092894506741415743760907333377887 ],
[ 2136207853689752814682445476815553697534925510887, 39163011577698322646317443502502775084523469802994975914910120, 89515960753166583549453856447409925070807189702444736154265111, 128677960894021685867227960764745720689879142312966792494391128 ],
[ 2136207853689752814682445476815553697534925510887, 39163011577698322646317443502502775084523469802994975914910120, 89515960747336346304692826773361291037159777164528656608944031, 128677960899851923111988990438794354723526554850882872039712208 ],
[ 2136207853689752814682445476815553697534925510887, 39163011577698322646317443502502775084523469802994975914910120, 89515960747336346272399503047798158888718619949040300953100184, 128677960899851923144282314164357486871967712066371227695556055 ],
[ 2136207853689752814682445476815553697534925510887, 39163011577698322646317443502502775084523469802994975914910120, 89515960747321564306804976498668689905629996979595998272267735, 128677960899866705109876840713486955855056335035815530376388504 ],
[ 2136207853689752814682445476815553697534925510887, 39163011577698322646317443502502775084523469802994975914910120, 89515960747321564274511652773105557757188839764107642616423888, 128677960899866705142170164439050088003497492251303886032232351 ],
[ 2136207853689752814682445476815553697534925510887, 39163011577698322646317443502502775084523469802994975914910120, 89515956854553509148018164409594718497531600231914519504346198, 128677964792634760268663652802560927263154731783497009144310041 ],
[ 2136207853689752814682445476815553697534925510887, 39163011577698322646317443502502775084523469802994975914910120, 89515944762362851106322958701898264741679747311943519885129257, 128677976884825418310358858510257381019006584703468008763526982 ],
[ 2136207853689752814682445476815553697534925510887, 39163011577698322646317443502502775084523469802994975914910120, 89515944088967922125563238057333146427136125938443005746319376, 128677977558220347291118579154822499333550206076968522902336863 ],
[ 2136207853689752814682445476815553697534925510887, 39163011577698322646317443502502775084523469802994975914910120, 89515944082002607489488581495297166311546898736674058860218287, 128677977565185661927193235716858479449139433278737469788437952 ],
[ 2136207853689752814682445476815553697534925510887, 39163011577698322646317443502502775084523469802994975914910120, 89515943913680834114644446356900965068186583028944817964071832, 128677977733507435302037370855254680692499748986466710684584407 ],
[ 2136207853689752814682445476815553697534925510887, 39163011577698322646317443502502775084523469802994975914910120, 89515943913617343875311181001115064717497607786669173241708521, 128677977733570925541370636211040581043188724228742355406947718 ],
[ 2136207853689752814682445476815553697534925510887, 39163011577698322646317443502502775084523469802994975914910120, 89515940721116524353703624357422767154676899028448050506018415, 128677980926071745062978192854732878606009432986963478142637824 ],
[ 2136207853689752814682445476815553697534925510887, 39163011577698322646317443502502775084523469802994975914910120, 89515940553900264638632337354124955987252043761499379490908264, 128677981093288004778049479858030689773434288253912149157747975 ],
[ 2136207853689752814682445476815553697534925510887, 39163011577698322646317443502502775084523469802994975914910120, 89515863960816394043481397835571184014198060885925021705664046, 128678057686371875373200419376584461746488271129486506942992193 ],
[ 2136207853689752814682445476815553697534925510887, 39163011577698322646317443502502775084523469802994975914910120, 89515863960816394011676595853210933143228091137179979166840361, 128678057686371875405005221358944712617458240878231549481815878 ],
[ 2136207853689752814682445476815553697534925510887, 39163011577698322646317443502502775084523469802994975914910120, 89515863287470173566473581300723055352396336530429394957556265, 128678058359718095850208235911432590408289995484982133691099974 ],
[ 2136207853689752814682445476815553697534925510887, 39163011577698322646317443502502775084523469802994975914910120, 89515863287421465030916874760510596151982422689136425997013008, 128678058359766804385764942451645049608703909326275102651643231 ],
[ 2136207853689752814682445476815553697534925510887, 39163011577698322646317443502502775084523469802994975914910120, 89515863259414081047923455693980387511565931528087588279150361, 128678058387774188368758361518175258249120400487323940369505878 ],
[ 2136207853689752814682445476815553697534925510887, 39163011577698322646317443502502775084523469802994975914910120, 89515859920690362664207558361195023507812856453993872168773136, 128678061726497906752474258850960622252873475561417656479883103 ],
[ 2136207853689752814682445476815553697534925510887, 39163011577698322646317443502502775084523469802994975914910120, 89515859920461600430563339137388589322745655410656307597387223, 128678061726726668986118478074767056437940676604755221051269016 ],
[ 2136207853689752814682445476815553697534925510887, 39163011577698322646317443502502775084523469802994975914910120, 89515859919570067303223785984553104740538548544279548704599656, 128678061727618202113458031227602541020147783471131979944056583 ],
[ 2136207853689752814682445476815553697534925510887, 39163011577698322646317443502502775084523469802994975914910120, 89515859919521358809267969794263620942203773536038749841389654, 128678061727666910607413847417892024818482558479372778807266585 ],
[ 2136207853689752814682445476815553697534925510887, 39163011577698322646317443502502775084523469802994975914910120, 89515859913739828264284136083049382641867113895616003359980487, 128678061733448441152397681129106263118819218119795525288675752 ],
[ 2136207853689752814682445476815553697534925510887, 39163011577698322646317443502502775084523469802994975914910120, 89515859913725048028132901799159043392223629252224934833867183, 128678061733463221388548915412996602368462702763186593814789056 ],
[ 2136207853689752814682445476815553697534925510887, 39163011577698322646317443502502775084523469802994975914910120, 89515859892634270142598862241274089123874307554752380002890496, 128678061754553999274082954970881556636812024460659148645765743 ],
[ 2136207853689752814682445476815553697534925510887, 39163011577698322646317443502502775084523469802994975914910120, 89515859891513974781615089864632170356599999645038056538717016, 128678061755674294635066727347523475404086332370373472109939223 ],
[ 2136207853689752814682445476815553697534925510887, 39163011577698322646317443502502775084523469802994975914910120, 89515859885668955506524205679238109008285080352983442667977631, 128678061761519313910157611532917536752401251662428085980678608 ],
[ 2136207853689752814682445476815553697534925510887, 39163011577698322646317443502502775084523469802994975914910120, 89515859885620247012568389488948625209950305344742643804767617, 128678061761568022404113427723207020550736026670668884843888622 ],
[ 2136207853689752814682445476815553697534925510887, 39163011577698322646317443502502775084523469802994975914910120, 89515859745111022180311282081142721447599849009993041293964846, 128678061902077247236370535131012924313086483005418487354691393 ],
[ 2136207853689752814682445476815553697534925510887, 39163011577698322646317443502502775084523469802994975914910120, 89515572906927368301159733688115969456439008192253504363203865, 128678348740260901115522083524039676304247323823158024285452374 ],
[ 2136207853689752814682445476815553697534925510887, 39163011577698322646317443502502775084523469802994975914910120, 89515572906912593382532901892379616648252084636843807388203094, 128678348740275676034148915319776029112434247378567721260453145 ],
[ 2136207853689752814682445476815553697534925510887, 39163011577698322646317443502502775084523469802994975914910120, 89515572906912593350218347312585312415582110707016367153510481, 128678348740275676066463469899570333345104221308395161495145758 ],
[ 2136207853689752814682445476815553697534925510887, 39163011577698322646317443502502775084523469802994975914910120, 89515572899913345171150501008775532814025373065896431156649880, 128678348747274924245531316203380112946660958949515097492006359 ],
[ 2136207853689752814682445476815553697534925510887, 39163011577698322646317443502502775084523469802994975914910120, 89515572899898570252502429140054152734328082408573888299115991, 128678348747289699164179388072101493026358249606837640349540248 ],
[ 2136207853689752814682445476815553697534925510887, 39163011577698322646317443502502775084523469802994975914910120, 89515572878856500860924205772458682264313535737602315222320454, 128678348768331768555757611439696963496372796277809213426335785 ],
[ 2136207853689752814682445476815553697534925510887, 39163011577698322646317443502502775084523469802994975914910120, 89515572878856500831668221705842644574751705704674560379553089, 128678348768331768585013595506313001185934626310736968269103150 ],
[ 2136207853689752814682445476815553697534925510887, 39163011577698322646317443502502775084523469802994975914910120, 89515572871857252652600375402032864972613372546629954139975080, 128678348775331016764081441810122780788072959468781574508681159 ],
[ 2136207853689752814682445476815553697534925510887, 39163011577698322646317443502502775084523469802994975914910120, 89515572871842477730893733020133218350389533509332396133226439, 128678348775345791685788084192022427410296798506079132515429800 ],
[ 2136207853689752814682445476815553697534925510887, 39163011577698322646317443502502775084523469802994975914910120, 89515572870673473875954144453201815784780450591377273805178241, 128678348776514795540727672758953829975905881424034254843477998 ],
[ 2136207853689752814682445476815553697534925510887, 39163011577698322646317443502502775084523469802994975914910120, 89515572870673473846591960021521710927578213877222712173004166, 128678348776514795570089857190633934833108118138188816475652073 ],
[ 2136207853689752814682445476815553697534925510887, 39163011577698322646317443502502775084523469802994975914910120, 89515569035171825573397388029207093548256040388471372170763305, 128678352612016443843284429182948552212430291626940156477892934 ],
[ 2136207853689752814682445476815553697534925510887, 39163011577698322646317443502502775084523469802994975914910120, 89515569035123117079436261820665564148283924852631791806801431, 128678352612065152337245555391490081612402407162779736841854808 ],
[ 2136207853689752814682445476815553697534925510887, 39163011577698322646317443502502775084523469802994975914910120, 89515569034894349604626579573697342062996057720703897514649047, 128678352612293919812055237638458303697690274294707631134007192 ],
[ 2136207853689752814682445476815553697534925510887, 39163011577698322646317443502502775084523469802994975914910120, 89515569034879574609647003334235057753471813797850875697225624, 128678352612308694807034813877920588007214518217560652951430615 ],
[ 2136207853689752814682445476815553697534925510887, 39163011577698322646317443502502775084523469802994975914910120, 89515569007130508046769153151790451073539088270360029978156118, 128678352640057761369912664060365194687147243745051498670500121 ],
[ 2136207853689752814682445476815553697534925510887, 39163011577698322646317443502502775084523469802994975914910120, 89515569007115733054847262422464425707425635386129565396805913, 128678352640072536361834554789691220053260696629281963251850326 ],
[ 2136207853689752814682445476815553697534925510887, 39163011577698322646317443502502775084523469802994975914910120, 89515569006823482091096877727492389912641408795509068923268520, 128678352640364787325584939484663255848044923219902459725387719 ],
[ 2136207853689752814682445476815553697534925510887, 39163011577698322646317443502502775084523469802994975914910120, 89515569005669253186971235082005303440416292776737360080668038, 128678352641519016229710582130150342320270039238674168567988201 ],
[ 2136207853689752814682445476815553697534925510887, 39163011577698322646317443502502775084523469802994975914910120, 89515569005654478277136908527319177391311423097538278566035433, 128678352641533791139544908684836468369374908917873250082620806 ],
[ 2136207853689752814682445476815553697534925510887, 39163011577698322646317443502502775084523469802994975914910120, 89515569000053001471841477849649675639718845456648662777169281, 128678352647135267944840339362505970120967486558762865871486958 ],
[ 2136207853689752814682445476815553697534925510887, 39163011577698322646317443502502775084523469802994975914910120, 89515568866850045448156264967818767658855143204969914576168734, 128678352780338223968525552244336878101831188810441614072487505 ],
[ 2136207853689752814682445476815553697534925510887, 39163011577698322646317443502502775084523469802994975914910120, 89515568866835270452666041973118097995356833358979834885971537, 128678352780352998964015775239037547765329498656431693762684702 ],
[ 2136207853689752814682445476815553697534925510887, 39163011577698322646317443502502775084523469802994975914910120, 89515568866557794484404995269804724263791968239147619704054703, 128678352780630474932276821942350921496894363776263908944601536 ],
[ 2136207853689752814682445476815553697534925510887, 39163011577698322646317443502502775084523469802994975914910120, 89515568865617558148319473851072053576257797286196695350474286, 128678352781570711268362343361083592184428534729214833298181953 ],
[ 2136207853689752814682445476815553697534925510887, 39163011577698322646317443502502775084523469802994975914910120, 89515568865374015678524020343347493979535455616771514377629569, 128678352781814253738157796868808151781150876398640014271026670 ],
[ 2136207853689752814682445476815553697534925510887, 39163011577698322646317443502502775084523469802994975914910120, 89515568859772538873228589665677992227942877975881898588771817, 128678352787415730543453227546477653532743454039529630059884422 ],
[ 2136207853689752814682445476815553697534925510887, 39163011577698322646317443502502775084523469802994975914910120, 89515568859528996403433136157953432631220536306456717615927110, 128678352787659273013248681054202213129465795708954811032729129 ],
[ 2136207853689752814682445476815553697534925510887, 39163011577698322646317443502502775084523469802994975914910120, 89515568838793952926547568847897833274334998788803752167561774, 128678352808394316490134248364257812486351333226607776481094465 ],
[ 2136207853689752814682445476815553697534925510887, 39163011577698322646317443502502775084523469802994975914910120, 89515568838779177934115916366375430154526428356638028112014145, 128678352808409091482565900845780215606159903658773500536642094 ],
[ 2136207853689752814682445476815553697534925510887, 39163011577698322646317443502502775084523469802994975914910120, 89515568361825605128194373476719215757424275263866009992265769, 128678353285362664288487443735436430003262056751545518656390470 ],
[ 2136207853689752814682445476815553697534925510887, 39163011577698322646317443502502775084523469802994975914910120, 89515568361825605098827756027414453672035318922479261438640174, 128678353285362664317854061184741192088651013092932267210016065 ],
[ 2136207853689752814682445476815553697534925510887, 39163011577698322646317443502502775084523469802994975914910120, 89515476113408173178383620877689871324069904903393664957910854, 128678445533780096238298196334465774436616427112017863690745385 ],
[ 2136207853689752814682445476815553697534925510887, 39163011577698322646317443502502775084523469802994975914910120, 89515476113408173146578828114111261802399199776554899198119745, 128678445533780096270102989098044383958287132238856629450536494 ],
[ 2136207853689752814682445476815553697534925510887, 39163011577698322646317443502502775084523469802994975914910120, 89515476113393399989178850476956646842896399200048732706272814, 128678445533794869427502966735198998917789932815362795942383425 ],
[ 2136207853689752814682445476815553697534925510887, 39163011577698322646317443502502775084523469802994975914910120, 89515476113393399957374057713378037321225694073209966946481705, 128678445533794869459307759498777608439460637942201561702174534 ],
[ 2136207853689752814682445476815553697534925510887, 39163011577698322646317443502502775084523469802994975914910120, 89515476085337307467570154357035712458957850300807240540390174, 128678445561850961949111662855119933301728481714604288108266065 ],
[ 2136207853689752814682445476815553697534925510887, 39163011577698322646317443502502775084523469802994975914910120, 89515476085337307438823932106635369480395289070868160172524313, 128678445561850961977857885105520276280291042944543368476131926 ],
[ 2136207853689752814682445476815553697534925510887, 39163011577698322646317443502502775084523469802994975914910120, 89515476084183076772961673502355679767206675949472379126878231, 128678445563005192643720143709799965993479656065939149521778008 ],
[ 2136207853689752814682445476815553697534925510887, 39163011577698322646317443502502775084523469802994975914910120, 89515476084168303612630565790104309893348767382852118212343128, 128678445563019965804051251422051335867337564632559410436313111 ],
[ 2136207853689752814682445476815553697534925510887, 39163011577698322646317443502502775084523469802994975914910120, 89515475945071618058162036573797253524865815421837166980762910, 128678445702116651358519780638358392235820516593574361667893329 ],
[ 2136207853689752814682445476815553697534925510887, 39163011577698322646317443502502775084523469802994975914910120, 89515475945071618025847482058022266246010419645515560623574297, 128678445702116651390834335154133379514675912369895968025081942 ],
[ 2136207853689752814682445476815553697534925510887, 39163011577698322646317443502502775084523469802994975914910120, 89515475945056844868957266173064029047181882820040256185432150, 128678445702131424547724551039091616713504449195371272463224089 ],
[ 2136207853689752814682445476815553697534925510887, 39163011577698322646317443502502775084523469802994975914910120, 89515475945056844836642711657289041768326487043718649828243537, 128678445702131424580039105554866603992359844971692878820412702 ],
[ 2136207853689752814682445476815553697534925510887, 39163011577698322646317443502502775084523469802994975914910120, 89515475943902614203222448006861219932253780131493292073492312, 128678445703285655213459369205294425828432551883918236575163927 ],
[ 2136207853689752814682445476815553697534925510887, 39163011577698322646317443502502775084523469802994975914910120, 89515475943902614170780453053009352052229896337699517569015647, 128678445703285655245901364159146293708456435677712011079640592 ],
[ 2136207853689752814682445476815553697534925510887, 39163011577698322646317443502502775084523469802994975914910120, 89515475943887841014017677606132626481572799902085133857383952, 128678445703300428402664139606023019279113532113326394791272287 ],
[ 2136207853689752814682445476815553697534925510887, 39163011577698322646317443502502775084523469802994975914910120, 89515475938042821738926793420738565133257880591770346269287895, 128678445709145447677755023791417080627428451423641182379368344 ],
[ 2136207853689752814682445476815553697534925510887, 39163011577698322646317443502502775084523469802994975914910120, 89515475938042821706633478977976391287930566151694082924094928, 128678445709145447710048338234179254472755765863717445724561311 ],
[ 2136207853689752814682445476815553697534925510887, 39163011577698322646317443502502775084523469802994975914910120, 89515475917015525536553340453876319140345671005671004572155950, 128678445730172743880128476758279326620340661009740524076500289 ],
[ 2136207853689752814682445476815553697534925510887, 39163011577698322646317443502502775084523469802994975914910120, 89515475917015525507297356451279598404598419126249083606892585, 128678445730172743909384460760876047356087912889162445041763654 ],
[ 2136207853689752814682445476815553697534925510887, 39163011577698322646317443502502775084523469802994975914910120, 89515475917000752347348570053143094663243333920798764019549510, 128678445730187517069333247159012551097442998094612764629106729 ],
[ 2136207853689752814682445476815553697534925510887, 39163011577698322646317443502502775084523469802994975914910120, 89515475917000752318092586050546373927496082041376843054286145, 128678445730187517098589231161609271833190249974034685594370094 ],
[ 2136207853689752814682445476815553697534925510887, 39163011577698322646317443502502775084523469802994975914910120, 89515475915846521652230327446266684210817895818433040552333935, 128678445731341747764451489765888961549868436196978488096322304 ],
[ 2136207853689752814682445476815553697534925510887, 39163011577698322646317443502502775084523469802994975914910120, 89515475910001502377288123771939161762184783999892001227402664, 128678445737186767039393693440216483998501548015519527421253575 ],
[ 2136207853689752814682445476815553697534925510887, 39163011577698322646317443502502775084523469802994975914910120, 89515475909986729217318097300817630749319331692528854103398343, 128678445737201540199363719911338015011367000322882674545257896 ],
[ 2136207853689752814682445476815553697534925510887, 39163011577698322646317443502502775084523469802994975914910120, 89515475908832498551583279134587035471791919252724704273399785, 128678445738355770865098538077568610288894412762686824375256454 ],
[ 2136207853689752814682445476815553697534925510887, 39163011577698322646317443502502775084523469802994975914910120, 89515475908832498522221094766926247568404260692075958172844014, 128678445738355770894460722445229398192282071323335570475812225 ],
[ 2136207853689752814682445476815553697534925510887, 39163011577698322646317443502502775084523469802994975914910120, 89515475908817725362378508733886228183710248774573731775350145, 128678445738370544054303308478269417576976083240837796873306094 ],
[ 2136207853689752814682445476815553697534925510887, 39163011577698322646317443502502775084523469802994975914910120, 89515475908817725333016324366225440280322590213924985674794374, 128678445738370544083665492845930205480363741801486542973861865 ],
[ 2136207853689752814682445476815553697534925510887, 39163011577698322646317443502502775084523469802994975914910120, 89515475440061952659774913990251295706488483983813050369944390, 128678446207126316756906903221904350054197848031598478278711849 ],
[ 2136207853689752814682445476815553697534925510887, 39163011577698322646317443502502775084523469802994975914910120, 89515475440013244207414687350414383057893741152645881621575007, 128678446207175025209267129861741262702792590862765647027081232 ],
[ 2136207853689752814682445476815553697534925510887, 39163011577698322646317443502502775084523469802994975914910120, 89515475440013244165819097799961811908152699260245499225142616, 128678446207175025250862719412193833852533632755166029423513623 ],
[ 2136207853689752814682445476815553697534925510887, 39163011577698322646317443502502775084523469802994975914910120, 89515475438892948846308784553942998264086343095235331023190279, 128678446208295320570373032658212647496599988920176197625465960 ],
[ 2136207853689752814682445476815553697534925510887, 39163011577698322646317443502502775084523469802994975914910120, 89515475433033156340539670839860078865091544301091087532935087, 128678446214155113076142146372295566895594787714320441115721152 ],
[ 2136207853689752814682445476815553697534925510887, 39163011577698322646317443502502775084523469802994975914910120, 89515475431864152485600082272928676299482461383135965204888041, 128678446215324116931081734939226969461203870632275563443768198 ],
[ 2136207853689752814682445476815553697534925510887, 39163011577698322646317443502502775084523469802994975914910120, 89515475410788147833797532738658801022701217325563361645884969, 128678446236400121582884284473496844737985114689848167002771270 ],
[ 2136207853689752814682445476815553697534925510887, 39163011577698322646317443502502775084523469802994975914910120, 89515475404977063818930974719939144481152995401849595271494047, 128678446242211205597750842492216501279533336613561933377162192 ],
[ 2136207853689752814682445476815553697534925510887, 39163011577698322646317443502502775084523469802994975914910120, 89515475271725397539553329686358677907284394502256552392796446, 128678446375462871877128487525796967853401937513154976255859793 ],
[ 2136207853689752814682445476815553697534925510887, 39163011577698322646317443502502775084523469802994975914910120, 89515475271676689086683341294325387501504961021606543047029511, 128678446375511580329998475917830258259181370993804985601626728 ],
[ 2136207853689752814682445476815553697534925510887, 39163011577698322646317443502502775084523469802994975914910120, 89515475270556393725577438497854002707697562964195992448645983, 128678446376631875691104378714301643052988769051215536200010256 ],
[ 2136207853689752814682445476815553697534925510887, 39163011577698322646317443502502775084523469802994975914910120, 89515475270556393684613741119422644314672359211912677485525848, 128678446376631875732068076092733001446013972803498851163130391 ],
[ 2136207853689752814682445476815553697534925510887, 39163011577698322646317443502502775084523469802994975914910120, 89515475270507685231616312289312473307724437713790499992470849, 128678446376680584185065504922843172452961894301621028656185390 ],
[ 2136207853689752814682445476815553697534925510887, 39163011577698322646317443502502775084523469802994975914910120, 89515475270492912001453154531072038619357172222395759161442350, 128678446376695357415228662681083607141329159793015769487213889 ],
[ 2136207853689752814682445476815553697534925510887, 39163011577698322646317443502502775084523469802994975914910120, 89515475264696601220318086535967461069377027921082611012094423, 128678446382491668196363730676188184691309304094328917636561816 ],
[ 2136207853689752814682445476815553697534925510887, 39163011577698322646317443502502775084523469802994975914910120, 89515475264662665956674108614984950859091325895249460663551366, 128678446382525603460007708597170694901595006120162067985104873 ],
[ 2136207853689752814682445476815553697534925510887, 39163011577698322646317443502502775084523469802994975914910120, 89515475264647892726362270345677977271042252912080971577327593, 128678446382540376690319546866477668489644079103330557071328646 ],
[ 2136207853689752814682445476815553697534925510887, 39163011577698322646317443502502775084523469802994975914910120, 89515475263542370595568205818513566065283927837838910065167838, 128678446383645898821113611393642079695402404177572618583488401 ],
[ 2136207853689752814682445476815553697534925510887, 39163011577698322646317443502502775084523469802994975914910120, 89515475263527597365378497969036058503767945003127488684046225, 128678446383660672051303319243119587256918387012284039964610014 ],
[ 2136207853689752814682445476815553697534925510887, 39163011577698322646317443502502775084523469802994975914910120, 89515475242500301207027312891111334866285562444929515527515759, 128678446404687968209654504321044310894400769570482013121140480 ],
[ 2136207853689752814682445476815553697534925510887, 39163011577698322646317443502502775084523469802994975914910120, 89515475236640508698709390416046526685438479021841118750653383, 128678446410547760717972426796109119075247852993570409898002856 ],
[ 2136207853689752814682445476815553697534925510887, 39163011577698322646317443502502775084523469802994975914910120, 89515475235471504843769801849115124119829396103885996422605185, 128678446411716764572912015363040521640856935911525532226051054 ],
[ 2136207853689752814682445476815553697534925510887, 39163011577698322646317443502502775084523469802994975914910120, 89515472073330850293065597577598365293816065986282634920257862, 128678449573857419123616219634557280466870266029128893728398377 ],
[ 2136207853689752814682445476815553697534925510887, 39163011577698322646317443502502775084523469802994975914910120, 89515472073316077059821752373910822901000416725173434694868009, 128678449573872192356860064838244822859685915290238093953788230 ],
[ 2136207853689752814682445476815553697534925510887, 39163011577698322646317443502502775084523469802994975914910120, 89515472073282141799109781387308881495480281262715083775483736, 128678449573906127617572035824846764265206050752696444873172503 ],
[ 2136207853689752814682445476815553697534925510887, 39163011577698322646317443502502775084523469802994975914910120, 89515472073267368609905011002580486336511194767356742597797392, 128678449573920900806776806209575159424175137248054786050858847 ],
[ 2136207853689752814682445476815553697534925510887, 39163011577698322646317443502502775084523469802994975914910120, 89515472073267368565860626165369293501028301189333853948700183, 128678449573920900850821191046786352259658030826077674699956056 ],
[ 2136207853689752814682445476815553697534925510887, 39163011577698322646317443502502775084523469802994975914910120, 89515472073038599329314327879584321898752891020460340048143831, 128678449574149670087367489332571323861933440994951188600512408 ],
[ 2136207853689752814682445476815553697534925510887, 39163011577698322646317443502502775084523469802994975914910120, 89515472073038599285276138063667182265180228057081716262315472, 128678449574149670131405679148488463495506103958329812386340767 ],
[ 2136207853689752814682445476815553697534925510887, 39163011577698322646317443502502775084523469802994975914910120, 89515472073023826140109557494855926739788853097931562007158687, 128678449574164443276572259717299719020897478917479966641497552 ],
[ 2136207853689752814682445476815553697534925510887, 39163011577698322646317443502502775084523469802994975914910120, 89515472073023826096071367678938787106216190134552938221330328, 128678449574164443320610449533216858654470141880858590427325911 ],
[ 2136207853689752814682445476815553697534925510887, 39163011577698322646317443502502775084523469802994975914910120, 89515472072161846393959493753626303866189989627281644527310599, 128678449575026423022722323458529341894496342388129884121345640 ],
[ 2136207853689752814682445476815553697534925510887, 39163011577698322646317443502502775084523469802994975914910120, 89515472072147073248921238625938567569236886858403259705208424, 128678449575041196167760578586217078191449445157008268943447815 ],
[ 2136207853689752814682445476815553697534925510887, 39163011577698322646317443502502775084523469802994975914910120, 89515472072147073204754723368902539734222845789746144220196463, 128678449575041196211927093843253106026463486225665384428459776 ],
[ 2136207853689752814682445476815553697534925510887, 39163011577698322646317443502502775084523469802994975914910120, 89515472072098364754965422435649083770902111849401620270413910, 128678449575089904661716394776506561989784220166009908378242329 ],
[ 2136207853689752814682445476815553697534925510887, 39163011577698322646317443502502775084523469802994975914910120, 89515472066302053973830354440544506220921967548088472116447663, 128678449580886215442851462771611139539764364467323056532208576 ],
[ 2136207853689752814682445476815553697534925510887, 39163011577698322646317443502502775084523469802994975914910120, 89515472066253345479874538250255022422587192539086832681653137, 128678449580934923936807278961900623338099139476324695967003102 ],
[ 2136207853689752814682445476815553697534925510887, 39163011577698322646317443502502775084523469802994975914910120, 89515472065147823263950261074285867223776354500924562147813766, 128678449582040446152731556137869778536909977514486966500842473 ],
[ 2136207853689752814682445476815553697534925510887, 39163011577698322646317443502502775084523469802994975914910120, 89515472065133050118890765873613103655312884630133349789064169, 128678449582055219297791051338542542105373447385278178859592070 ],
[ 2136207853689752814682445476815553697534925510887, 39163011577698322646317443502502775084523469802994975914910120, 89515472065133050074745490689589889253826924897721577316047854, 128678449582055219341936326522565756506859407117689951332608385 ],
[ 2136207853689752814682445476815553697534925510887, 39163011577698322646317443502502775084523469802994975914910120, 89515472065084341624934949683323619856978109621131710354269655, 128678449582103927791746867528832025903708222394279818294386584 ],
[ 2136207853689752814682445476815553697534925510887, 39163011577698322646317443502502775084523469802994975914910120, 89515472065084341580784364481048359853854809361881996569880016, 128678449582103927835897452731107285906831522653529532078776223 ],
[ 2136207853689752814682445476815553697534925510887, 39163011577698322646317443502502775084523469802994975914910120, 89515472045274757771456901457677430909295921570116472511650902, 128678449601913511645224915754478214851390410445295056137005337 ],
[ 2136207853689752814682445476815553697534925510887, 39163011577698322646317443502502775084523469802994975914910120, 89515472045226049277501085267387947110960136846548921366876776, 128678449601962220139180731944767698649726195168862607281779463 ],
[ 2136207853689752814682445476815553697534925510887, 39163011577698322646317443502502775084523469802994975914910120, 89515472045226049236515270943355020818585387165425718109704815, 128678449601962220180166546268800624942100944849985810538951424 ],
[ 2136207853689752814682445476815553697534925510887, 39163011577698322646317443502502775084523469802994975914910120, 89515472044982506766726012456924514423768227537815239245633472, 128678449602205762649955804755231131336918104477596289403022767 ],
[ 2136207853689752814682445476815553697534925510887, 39163011577698322646317443502502775084523469802994975914910120, 89515472044967733618500861374934992355850304198690069841276335, 128678449602220535798180955837220653404836027816721458807379904 ],
[ 2136207853689752814682445476815553697534925510887, 39163011577698322646317443502502775084523469802994975914910120, 89515472044967733577521242072196119265385785132211131447373224, 128678449602220535839160575139959526495300546883200397201283015 ],
[ 2136207853689752814682445476815553697534925510887, 39163011577698322646317443502502775084523469802994975914910120, 89515472044105753875409368146883636024777989108015167510628887, 128678449603082515541272449065272009735908342907396361138027352 ],
[ 2136207853689752814682445476815553697534925510887, 39163011577698322646317443502502775084523469802994975914910120, 89515472044057045381448241938342106624804863857609675054481449, 128678449603131224035233575273813539135881468157801853594174790 ],
[ 2136207853689752814682445476815553697534925510887, 39163011577698322646317443502502775084523469802994975914910120, 89515472044042272233356726315728149386963562950160128104531270, 128678449603145997183325090896427496373722769065251400544124969 ],
[ 2136207853689752814682445476815553697534925510887, 39163011577698322646317443502502775084523469802994975914910120, 89515472043813502911658983451911600229987704229999196190410118, 128678449603374766505022833760244045530698627785412332458246121 ],
[ 2136207853689752814682445476815553697534925510887, 39163011577698322646317443502502775084523469802994975914910120, 89515472043798729763561272808003589790241221280734947513892841, 128678449603389539653120544404152055970445110734676581134763398 ],
[ 2136207853689752814682445476815553697534925510887, 39163011577698322646317443502502775084523469802994975914910120, 89515472038260734600467164472556113576144877289474128186362320, 128678449608927534816214652739599532184541454725937400462293919 ],
[ 2136207853689752814682445476815553697534925510887, 39163011577698322646317443502502775084523469802994975914910120, 89515472038245961452221658320623571836983418648846979950558111, 128678449608942307964460158891532073923702913366564548698098128 ],
[ 2136207853689752814682445476815553697534925510887, 39163011577698322646317443502502775084523469802994975914910120, 89515472038212026106506038264014584176171752039068635730214894, 128678449608976243310175778948141061584514579976342892918441345 ],
[ 2136207853689752814682445476815553697534925510887, 39163011577698322646317443502502775084523469802994975914910120, 89515472038197252958265842130334088038648643639845340515763585, 128678449608991016458415975081821557722037688375566188132892654 ],
[ 2136207853689752814682445476815553697534925510887, 39163011577698322646317443502502775084523469802994975914910120, 89515472037091730745400135467543199382364353981658085131138966, 128678449610096538671281681744612446378321978033753443517517273 ],
[ 2136207853689752814682445476815553697534925510887, 39163011577698322646317443502502775084523469802994975914910120, 89515472037076957597282069753692169271374335730891857623174617, 128678449610111311819399747458463476489311996284519671025481622 ],
[ 2136207853689752814682445476815553697534925510887, 39163011577698322646317443502502775084523469802994975914910120, 89515472037043022251439009259001669982391228731252592674991528, 128678449610145247165242807953153975778295103284158935973664711 ],
[ 2136207853689752814682445476815553697534925510887, 39163011577698322646317443502502775084523469802994975914910120, 89515472037028249103326253563402685473039560721890218188380103, 128678449610160020313355563648752960287646771293521310460276136 ],
[ 2136207853689752814682445476815553697534925510887, 39163011577698322646317443502502775084523469802994975914910120, 89515471904979521939090406317821827348101209695682117560704593, 128678449742208747477591410894333818412585122319729411087951646 ],
[ 2136207853689752814682445476815553697534925510887, 39163011577698322646317443502502775084523469802994975914910120, 89515471904930813489683426698687868540796678387348266092882024, 128678449742257455926998390513467777219889653628063262555774215 ],
[ 2136207853689752814682445476815553697534925510887, 39163011577698322646317443502502775084523469802994975914910120, 89515471904930813445129280109280297948129094159842536814536815, 128678449742257455971552537102875347812557237855568991834119424 ],
[ 2136207853689752814682445476815553697534925510887, 39163011577698322646317443502502775084523469802994975914910120, 89515471904702044209092743575691704099548801538903842086921135, 128678449742486225207589073636463941661137530476507686561735104 ],
[ 2136207853689752814682445476815553697534925510887, 39163011577698322646317443502502775084523469802994975914910120, 89515471904687271019887973190963308944074336717923085502243271, 128678449742500998396793844021192336816611995297488443146412968 ],
[ 2136207853689752814682445476815553697534925510887, 39163011577698322646317443502502775084523469802994975914910120, 89515471904687270975340021622849791553316983105061621087166912, 128678449742500998441341795589305854207369348910349907561489327 ],
[ 2136207853689752814682445476815553697534925510887, 39163011577698322646317443502502775084523469802994975914910120, 89515471903810518128699654322045949773522370478394783200291856, 128678449743377751287982162890109695987163961537016745448364383 ],
[ 2136207853689752814682445476815553697534925510887, 39163011577698322646317443502502775084523469802994975914910120, 89515471903776582779267021488995778909828084245836813480693569, 128678449743411686637414795723159866850858247769574715167962670 ],
[ 2136207853689752814682445476815553697534925510887, 39163011577698322646317443502502775084523469802994975914910120, 89515471903761809634743838131756465975187595469393143765497390, 128678449743426459781937979080399179785498736546018384883158849 ],
[ 2136207853689752814682445476815553697534925510887, 39163011577698322646317443502502775084523469802994975914910120, 89515471903533040354153155008755670506936766248559967178986985, 128678449743655229062528662203399975253749565766851561469669254 ],
[ 2136207853689752814682445476815553697534925510887, 39163011577698322646317443502502775084523469802994975914910120, 89515471903518267164948384624031906378465253799967963174858625, 128678449743670002251733432588123739382221078215443565473797614 ],
[ 2136207853689752814682445476815553697534925510887, 39163011577698322646317443502502775084523469802994975914910120, 89515471897965498853608770136651888425207451168079995611532247, 128678449749222770563073047075503757335478880847331533037123992 ],
[ 2136207853689752814682445476815553697534925510887, 39163011577698322646317443502502775084523469802994975914910120, 89515471897965498809081173638509176867705288803657550656555984, 128678449749222770607600643573646468892981043211753977992100255 ],
[ 2136207853689752814682445476815553697534925510887, 39163011577698322646317443502502775084523469802994975914910120, 89515471897916790359652953946362404626872676159078356176737769, 128678449749271479057028863265793241133813655856333172471918470 ],
[ 2136207853689752814682445476815553697534925510887, 39163011577698322646317443502502775084523469802994975914910120, 89515471897688021079062270823338454023607085076301416695428654, 128678449749500248337619546388817191737079246939110111953227585 ],
[ 2136207853689752814682445476815553697534925510887, 39163011577698322646317443502502775084523469802994975914910120, 89515471896811268143218915018196871667387574369885223557344222, 128678449750377001273462902193958774093298757645526305091312017 ],
[ 2136207853689752814682445476815553697534925510887, 39163011577698322646317443502502775084523469802994975914910120, 89515471896796494998669181569720485859598368250124873284147601, 128678449750391774418012635642435159901087963765286655364508638 ],
[ 2136207853689752814682445476815553697534925510887, 39163011577698322646317443502502775084523469802994975914910120, 89515471896762559649257788809655342267414449119479731101196736, 128678449750425709767424028402500303493271882895931797547459503 ],
[ 2136207853689752814682445476815553697534925510887, 39163011577698322646317443502502775084523469802994975914910120, 89515471896747786504713365379431002061263593241123233849353135, 128678449750440482911968451832724643699422738774288294799303104 ],
[ 2136207853689752814682445476815553697534925510887, 39163011577698322646317443502502775084523469802994975914910120, 89515471876938202651235317153784813110091832088559974550428206, 128678449770250066765446500058370832650594499926851554098228033 ],
[ 2136207853689752814682445476815553697534925510887, 39163011577698322646317443502502775084523469802994975914910120, 89515471876923429420540280711079159507270804693340310786747201, 128678449770264839996141536501076486253415527322071217861909038 ],
[ 2136207853689752814682445476815553697534925510887, 39163011577698322646317443502502775084523469802994975914910120, 89515471876889494115783924887266025262196607034386379519234071, 128678449770298775300897892324889620498489724981025149129422168 ],
[ 2136207853689752814682445476815553697534925510887, 39163011577698322646317443502502775084523469802994975914910120, 89515471876874720968074730578766934156858129488106773926999384, 128678449770313548448607086633388711603828202527304754721656855 ],
[ 2136207853689752814682445476815553697534925510887, 39163011577698322646317443502502775084523469802994975914910120, 89515471876874720926579154502537630107298689157500730040579423, 128678449770313548490102662709618015653387642857910798608076816 ],
[ 2136207853689752814682445476815553697534925510887, 39163011577698322646317443502502775084523469802994975914910120, 89515471876645951687484047455770769715028657122737679678313887, 128678449770542317729197769756384876045657674892673848970342352 ],
[ 2136207853689752814682445476815553697534925510887, 39163011577698322646317443502502775084523469802994975914910120, 89515471876645951645994666400835518867379447406775900655162776, 128678449770542317770687150811320126893306884608635627993493463 ],
[ 2136207853689752814682445476815553697534925510887, 39163011577698322646317443502502775084523469802994975914910120, 89515471876631178498279277071042374560135787818681593336360919, 128678449770557090918402540141113271200550544196729935312295320 ],
[ 2136207853689752814682445476815553697534925510887, 39163011577698322646317443502502775084523469802994975914910120, 89515471876631178456789896016107123712486578102719814313209808, 128678449770557090959891921196048522048199753912691714335446431 ],
[ 2136207853689752814682445476815553697534925510887, 39163011577698322646317443502502775084523469802994975914910120, 89515471875769198754678022090794640468389208976975828920159343, 128678449771419070662003795121361005292297123038435699728496896 ],
[ 2136207853689752814682445476815553697534925510887, 39163011577698322646317443502502775084523469802994975914910120, 89515471875754425607090958202125015389583821579153291034409216, 128678449771433843809590859010030630371102510436258237614247023 ],
[ 2136207853689752814682445476815553697534925510887, 39163011577698322646317443502502775084523469802994975914910120, 89515471875720490260716895882253111068416083726570336464011857, 128678449771467779155964921329902534692270248288841192184644382 ],
[ 2136207853689752814682445476815553697534925510887, 39163011577698322646317443502502775084523469802994975914910120, 89515471875705717113135142011835531591249046570151651599614750, 128678449771482552303546675200320114169437285445259877049041489 ],
[ 2136207853689752814682445476815553697534925510887, 39163011577698322646317443502502775084523469802994975914910120, 89515471875476947790927637395822604673598924098959857599940574, 128678449771711321625754179816333041087087407916451671048715665 ],
[ 2136207853689752814682445476815553697534925510887, 39163011577698322646317443502502775084523469802994975914910120, 89515471875462174643339688504110971994526704900726471008976273, 128678449771726094773342128708044673766159627114685057639679966 ],
[ 2136207853689752814682445476815553697534925510887, 39163011577698322646317443502502775084523469802994975914910120, 89515471869924179479735818416467118019756097158434789595891624, 128678449777264089936945998795688527740930234856976739052764615 ],
[ 2136207853689752814682445476815553697534925510887, 39163011577698322646317443502502775084523469802994975914910120, 89515471869909406332000074016730954041268902268838503445642695, 128678449777278863084681743195424691719417429746573025203013544 ],
[ 2136207853689752814682445476815553697534925510887, 39163011577698322646317443502502775084523469802994975914910120, 89515471869875470985774692207925588619782971908029297139744150, 128678449777312798430907125004230057140903360107382231508912089 ],
[ 2136207853689752814682445476815553697534925510887, 39163011577698322646317443502502775084523469802994975914910120, 89515471869860697838044257826441470242934127259836864010848217, 128678449777327571578637559385714175517752204755574664637808022 ],
[ 2136207853689752814682445476815553697534925510887, 39163011577698322646317443502502775084523469802994975914910120, 89515471869617155368248804318716910646211785590411683420209750, 128678449777571114048433012893438735114474546424999845228446489 ],
[ 2136207853689752814682445476815553697534925510887, 39163011577698322646317443502502775084523469802994975914910120, 89515471868755175666265255834495529441538080335613674251008489, 128678449778433093750416561377660116319148251679797854397647750 ],
[ 2136207853689752814682445476815553697534925510887, 39163011577698322646317443502502775084523469802994975914910120, 89515471868755175624668789411454203825975573850618746540669422, 128678449778433093792013027800701441934710758164792782107986817 ],
[ 2136207853689752814682445476815553697534925510887, 39163011577698322646317443502502775084523469802994975914910120, 89515471868740402477060485449799551475659819350883381118258049, 128678449778447866939621331762356094285026512664528147530398190 ],
[ 2136207853689752814682445476815553697534925510887, 39163011577698322646317443502502775084523469802994975914910120, 89515471868740402435464019026758225860097312865888453407918982, 128678449778447866981217798185397419900589019149523075240737257 ],
[ 2136207853689752814682445476815553697534925510887, 39163011577698322646317443502502775084523469802994975914910120, 89515471868706467130707663202912674426002448600213254084521936, 128678449778481802285974154009242971334683883415198274564134303 ],
[ 2136207853689752814682445476815553697534925510887, 39163011577698322646317443502502775084523469802994975914910120, 89515471868691693983104669259510067677325044341881741683463583, 128678449778496575433577147952645578083361287673529786965192656 ],
[ 2136207853689752814682445476815553697534925510887, 39163011577698322646317443502502775084523469802994975914910120, 89515471868691693941502892818216696460125197330048872661751192, 128678449778496575475178924393938949300561134685362655986905047 ],
[ 2136207853689752814682445476815553697534925510887, 39163011577698322646317443502502775084523469802994975914910120, 89515471868462924702513986136481486046474905369791379378894168, 128678449778725344714167831075674159714211426645620149269762071 ],
[ 2136207853689752814682445476815553697534925510887, 39163011577698322646317443502502775084523469802994975914910120, 89515471868462924660918404716482168031185288972602775220450655, 128678449778725344755763412495673477729501043042808753428205584 ],
[ 2136207853689752814682445476815553697534925510887, 39163011577698322646317443502502775084523469802994975914910120, 89515471868448151513309215751785508080602702672456561092825104, 128678449778740117903372601460370137680083629342954967555831135 ],
[ 2136207853689752814682445476815553697534925510887, 39163011577698322646317443502502775084523469802994975914910120, 89515471868448151471713634331786190065313086275267956934381591, 128678449778740117944968182880369455695373245740143571714274648 ],
[ 2136207853689752814682445476815553697534925510887, 39163011577698322646317443502502775084523469802994975914910120, 89515471399984629803823508203483868715438179561594162462164289, 128678450247203639612858309008671777045248152453817366186491950 ],
[ 2136207853689752814682445476815553697534925510887, 39163011577698322646317443502502775084523469802994975914910120, 89515471399984629774456890690159789676234645066702020332291398, 128678450247203639642224926521995856084451686948709508316364841 ],
[ 2136207853689752814682445476815553697534925510887, 39163011577698322646317443502502775084523469802994975914910120, 89515471399969856614618737821422945110168651600562788901290025, 128678450247218412802063079390732700650517680414848739747366214 ],
[ 2136207853689752814682445476815553697534925510887, 39163011577698322646317443502502775084523469802994975914910120, 89515471399969856585252120308098866070965117105670646771417134, 128678450247218412831429696904056779689721214909740881877239105 ],
[ 2136207853689752814682445476815553697534925510887, 39163011577698322646317443502502775084523469802994975914910120, 89515471398800852730312531741167463505356034187715524444033640, 128678450248387416686369285470988182255330297827696004204622599 ],
[ 2136207853689752814682445476815553697534925510887, 39163011577698322646317443502502775084523469802994975914910120, 89515471392970606673814275524143432073024544435237080078686144, 128678450254217662742867541688012213687661787580174448569970095 ],
[ 2136207853689752814682445476815553697534925510887, 39163011577698322646317443502502775084523469802994975914910120, 89515471392955833455221647555773402157041114877400736859254191, 128678450254232435961460169656382243603645217138010791789402048 ],
[ 2136207853689752814682445476815553697534925510887, 39163011577698322646317443502502775084523469802994975914910120, 89515471371928537252848194570238855291714500650535857828132950, 128678450275259732163833622641916790468971831364875670820523289 ],
[ 2136207853689752814682445476815553697534925510887, 39163011577698322646317443502502775084523469802994975914910120, 89515471371913764063643424188177931687026568206429154509983006, 128678450275274505353038393023977714073659763808982374138673233 ],
[ 2136207853689752814682445476815553697534925510887, 39163011577698322646317443502502775084523469802994975914910120, 89515471364914514155264149917400764231612543915970603157562832, 128678450282273755261417667294754881529073788099440925491093407 ],
[ 2136207853689752814682445476815553697534925510887, 39163011577698322646317443502502775084523469802994975914910120, 89515471364914514122817721817885605215772784187933432432666071, 128678450282273755293864095394270040544913547827478096215990168 ],
[ 2136207853689752814682445476815553697534925510887, 39163011577698322646317443502502775084523469802994975914910120, 89515471364899740933612951435852467773102565978159244597813151, 128678450282288528483068865776303177987583766037252284050843088 ],
[ 2136207853689752814682445476815553697534925510887, 39163011577698322646317443502502775084523469802994975914910120, 89515471364865805628861905627596121417436999464365881287891945, 128678450282322463787819911584559524343249332551045647360764294 ],
[ 2136207853689752814682445476815553697534925510887, 39163011577698322646317443502502775084523469802994975914910120, 89515471364851032439657135245562983974767790969157605163018625, 128678450282337236977024681966592661785918541046253923485637614 ],
[ 2136207853689752814682445476815553697534925510887, 39163011577698322646317443502502775084523469802994975914910120, 89515471231648074683092162147394873159049399430554823871693593, 128678450415540194733589655064760772601636932584856704776962646 ],
[ 2136207853689752814682445476815553697534925510887, 39163011577698322646317443502502775084523469802994975914910120, 89515471231648074654235306386267171877030555585145522371068702, 128678450415540194762446510825888473883655776430266006277587537 ],
[ 2136207853689752814682445476815553697534925510887, 39163011577698322646317443502502775084523469802994975914910120, 89515471231633301493887391765333949557269444571071471767126609, 128678450415554967922794425446821696203416887444340056881529630 ],
[ 2136207853689752814682445476815553697534925510887, 39163011577698322646317443502502775084523469802994975914910120, 89515471231633301465030536004206248275250600725662170266501718, 128678450415554967951651281207949397485435731289749358382154521 ],
[ 2136207853689752814682445476815553697534925510887, 39163011577698322646317443502502775084523469802994975914910120, 89515471231599366189131035938853343759076274180149331415546119, 128678450415588903227550781273302302001610057835262197233110120 ],
[ 2136207853689752814682445476815553697534925510887, 39163011577698322646317443502502775084523469802994975914910120, 89515471231584592971074719813916764476915825716660530831707240, 128678450415603676445607097398238881283770506298750997816948999 ],
[ 2136207853689752814682445476815553697534925510887, 39163011577698322646317443502502775084523469802994975914910120, 89515471230479070828025133142381958965268876122738780816471391, 128678450416709198588656684069773686795417455892672747832184848 ],
[ 2136207853689752814682445476815553697534925510887, 39163011577698322646317443502502775084523469802994975914910120, 89515471230479070799295717819331138284418520294801647463134552, 128678450416709198617386099392824507476267811720609881185521687 ],
[ 2136207853689752814682445476815553697534925510887, 39163011577698322646317443502502775084523469802994975914910120, 89515471230464297610090947437274845709641517807707047939117072, 128678450416723971806590869774880800051044814207704480709539167 ],
[ 2136207853689752814682445476815553697534925510887, 39163011577698322646317443502502775084523469802994975914910120, 89515471230415589116135131246985361911306742798705408504322606, 128678450416772680300546685965170283849379589216706120144333633 ],
[ 2136207853689752814682445476815553697534925510887, 39163011577698322646317443502502775084523469802994975914910120, 89515471224634051553082929468054436516635764304197741488215448, 128678450422554217863598887744101209244050567711213787160440791 ],
[ 2136207853689752814682445476815553697534925510887, 39163011577698322646317443502502775084523469802994975914910120, 89515471224634051524204833633913921801088839122543096975594911, 128678450422554217892476983578241723959597492892868431673061328 ],
[ 2136207853689752814682445476815553697534925510887, 39163011577698322646317443502502775084523469802994975914910120, 89515471224619278363878159086021299076873523679046904866959312, 128678450422568991052803658126134346683812808336364623781696927 ],
[ 2136207853689752814682445476815553697534925510887, 39163011577698322646317443502502775084523469802994975914910120, 89515471224619278335000063251880784361326598497392260354338775, 128678450422568991081681753960274861399359733518019268294317464 ],
[ 2136207853689752814682445476815553697534925510887, 39163011577698322646317443502502775084523469802994975914910120, 89515471224585343059121803259512907116662639053792249032067974, 128678450422602926357560013952642738644023692961619279616588265 ],
[ 2136207853689752814682445476815553697534925510887, 39163011577698322646317443502502775084523469802994975914910120, 89515471224570569841044247061591300562991823488390620919544297, 128678450422617699575637570150564345197694508527020907729111942 ],
[ 2136207853689752814682445476815553697534925510887, 39163011577698322646317443502502775084523469802994975914910120, 89515471224341800589332544773082400721845479426181770168162857, 128678450422846468827349272439073245038840852589229758480493382 ],
[ 2136207853689752814682445476815553697534925510887, 39163011577698322646317443502502775084523469802994975914910120, 89515471224327027400127774391049263282089297088426408393255745, 128678450422861242016554042821106382478597034926985120255400494 ],
[ 2136207853689752814682445476815553697534925510887, 39163011577698322646317443502502775084523469802994975914910120, 89515471224327027371248793553866740966269481818965440328739654, 128678450422861242045433023658288904794416850196446088319916585 ],
[ 2136207853689752814682445476815553697534925510887, 39163011577698322646317443502502775084523469802994975914910120, 89515459953084108570249578054463609516979648203905219383096878, 128678461694104160846432239157692036243706683811506309265559361 ],
[ 2136207853689752814682445476815553697534925510887, 39163011577698322646317443502502775084523469802994975914910120, 89515459953084108538444784906769098272421474156034092165821993, 128678461694104160878237032305386547488264857859377436482834246 ],
[ 2136207853689752814682445476815553697534925510887, 39163011577698322646317443502502775084523469802994975914910120, 89515455913021558580513555825972422540703820842899962234333510, 128678465734166710836168261386183223219982511172511566414322729 ],
[ 2136207853689752814682445476815553697534925510887, 39163011577698322646317443502502775084523469802994975914910120, 89515455913021558536474480622897373583970798870682653439125825, 128678465734166710880207336589258272176715533144728875209530414 ],
[ 2136207853689752814682445476815553697534925510887, 39163011577698322646317443502502775084523469802994975914910120, 89515455913006785684931554770376932808929218780183167018933294, 128678465734181483731750262441778712951757113235228361629722945 ],
[ 2136207853689752814682445476815553697534925510887, 39163011577698322646317443502502775084523469802994975914910120, 89515455913006785640892479567301883852196196807965858223725609, 128678465734181483775789337644853761908490135207445670424930630 ],
[ 2136207853689752814682445476815553697534925510887, 39163011577698322646317443502502775084523469802994975914910120, 89515455911837781829991966203445530243320135862227989653892712, 128678465735350487586689851008710115517366196153183538994763527 ],
[ 2136207853689752814682445476815553697534925510887, 39163011577698322646317443502502775084523469802994975914910120, 89515455911837781785825450562293600685418625872538622786711151, 128678465735350487630856366649862045075267706142872905861945088 ],
[ 2136207853689752814682445476815553697534925510887, 39163011577698322646317443502502775084523469802994975914910120, 89515455906007535450483083073619172464762104380297536842841031, 128678465741180733966198734138536473295924227635113991805815208 ],
[ 2136207853689752814682445476815553697534925510887, 39163011577698322646317443502502775084523469802994975914910120, 89515455906007535406465247943556936941557163744325571059628992, 128678465741180734010216569268598708819129168271085957589027247 ],
[ 2136207853689752814682445476815553697534925510887, 39163011577698322646317443502502775084523469802994975914910120, 89515455905992762554901082018051468895005216551913257102789039, 128678465741195506861780735194104176865681115463498271545867200 ],
[ 2136207853689752814682445476815553697534925510887, 39163011577698322646317443502502775084523469802994975914910120, 89515455905992762510883246887989233371800275915941291319577000, 128678465741195506905798570324166412388886056099470237329079239 ],
[ 2136207853689752814682445476815553697534925510887, 39163011577698322646317443502502775084523469802994975914910120, 89515455884950693122342353960559216011365791805622730545998105, 128678465762237576294339463251596429749320540209788798102658134 ],
[ 2136207853689752814682445476815553697534925510887, 39163011577698322646317443502502775084523469802994975914910120, 89515455877951442928874386953698238080241959964132695338011095, 128678465769236826487807430258457407680444372051278833310645144 ],
[ 2136207853689752814682445476815553697534925510887, 39163011577698322646317443502502775084523469802994975914910120, 89515455877951442887915122336814269100145163225057773139184080, 128678465769236826528766694875341376660541168790353755509472159 ],
[ 2136207853689752814682445476815553697534925510887, 39163011577698322646317443502502775084523469802994975914910120, 89515455877936670033292385898130534511066667652673085840669599, 128678465769251599383389431314025111249619664362738442807986640 ],
[ 2136207853689752814682445476815553697534925510887, 39163011577698322646317443502502775084523469802994975914910120, 89515455877936669992333121281246565530969870913598163641842584, 128678465769251599424348695930909080229716461101813365006813655 ],
[ 2136207853689752814682445476815553697534925510887, 39163011577698322646317443502502775084523469802994975914910120, 89515455877887961539336569707841050712731892643671446405875073, 128678465769300307877345247504314595047954439371740082242781166 ],
[ 2136207853689752814682445476815553697534925510887, 39163011577698322646317443502502775084523469802994975914910120, 89515455877887961498371995072705036130997755377758582895674758, 128678465769300307918309822139450609629688576637652945752981481 ],
[ 2136207853689752814682445476815553697534925510887, 39163011577698322646317443502502775084523469802994975914910120, 89515455744685003460291971522079804741499731361343464273110814, 128678465902503265956389845690075841019186600654068064375545425 ],
[ 2136207853689752814682445476815553697534925510887, 39163011577698322646317443502502775084523469802994975914910120, 89515455744685003415743134566808378027582018739643314848655129, 128678465902503266000938682645347267733104313275768213800001110 ],
[ 2136207853689752814682445476815553697534925510887, 39163011577698322646317443502502775084523469802994975914910120, 89515455744670230564709970466484315013214702400174690514017878, 128678465902518038851971846745671330747471629615236838134638361 ],
[ 2136207853689752814682445476815553697534925510887, 39163011577698322646317443502502775084523469802994975914910120, 89515455744670230520161133511212888299296989778474541089562193, 128678465902518038896520683700942757461389342236936987559094046 ],
[ 2136207853689752814682445476815553697534925510887, 39163011577698322646317443502502775084523469802994975914910120, 89515455743515999605352382955143771148887696070999534327519576, 128678465903672269811329434257011874611798635944411994321136663 ],
[ 2136207853689752814682445476815553697534925510887, 39163011577698322646317443502502775084523469802994975914910120, 89515455743515999560676105561795463833801495431827326831090015, 128678465903672269856005711650360181926884836583584201817566224 ],
[ 2136207853689752814682445476815553697534925510887, 39163011577698322646317443502502775084523469802994975914910120, 89515455743501226709770381899552912447605619482219513148976144, 128678465903687042706911435312602733313080712533192015499680095 ],
[ 2136207853689752814682445476815553697534925510887, 39163011577698322646317443502502775084523469802994975914910120, 89515455743501226665094104506204605132519418843047305652546583, 128678465903687042751587712705951040628166913172364222996109656 ],
[ 2136207853689752814682445476815553697534925510887, 39163011577698322646317443502502775084523469802994975914910120, 89515455743452518215814565709263428649270844473217873714181678, 128678465903735751200867251502892217111415487542193654934474561 ],
[ 2136207853689752814682445476815553697534925510887, 39163011577698322646317443502502775084523469802994975914910120, 89515455743452518171132978297663075732547303307207724906378793, 128678465903735751245548838914492570028139028708203803742277446 ],
[ 2136207853689752814682445476815553697534925510887, 39163011577698322646317443502502775084523469802994975914910120, 89515455737670980330261498769726554665558014898741038881618335, 128678465909517289086420318442429091095128317116670489767037904 ],
[ 2136207853689752814682445476815553697534925510887, 39163011577698322646317443502502775084523469802994975914910120, 89515455737670980285733901887467941385168383613286232469158296, 128678465909517289130947915324687704375517948402125296179497943 ],
[ 2136207853689752814682445476815553697534925510887, 39163011577698322646317443502502775084523469802994975914910120, 89515455737656207434679497714158851099290700171904780597873623, 128678465909532061982002319497996794661395631843506748050782616 ],
[ 2136207853689752814682445476815553697534925510887, 39163011577698322646317443502502775084523469802994975914910120, 89515455737656207390151900831900237818901068886449974185413584, 128678465909532062026529916380255407941785263128961554463242655 ],
[ 2136207853689752814682445476815553697534925510887, 39163011577698322646317443502502775084523469802994975914910120, 89515455737622271836305682579437070867222230175173487736844161, 128678465909565997580376134632718574893464101840238040911812078 ],
[ 2136207853689752814682445476815553697534925510887, 39163011577698322646317443502502775084523469802994975914910120, 89515455737622271791772775678926411985195258362880740013010822, 128678465909565997624909041533229233775491073652530788635645417 ],
[ 2136207853689752814682445476815553697534925510887, 39163011577698322646317443502502775084523469802994975914910120, 89515455737607498940723681523869367300955925162903141163079145, 128678465909580770475958135688286278459730406852508387485577094 ],
[ 2136207853689752814682445476815553697534925510887, 39163011577698322646317443502502775084523469802994975914910120, 89515455737607498896190774623358708418928953350610393439245806, 128678465909580770520491042588796937341757378664801135209410433 ],
[ 2136207853689752814682445476815553697534925510887, 39163011577698322646317443502502775084523469802994975914910120, 89515455737378729366510229071712511270494839932918746302740014, 128678465909809540050171588140443134490191492082492782345916225 ],
[ 2136207853689752814682445476815553697534925510887, 39163011577698322646317443502502775084523469802994975914910120, 89515455737363956470928228016144807704233583493477958279204678, 128678465909824312945753589196010838056452748521933570369451561 ],
[ 2136207853689752814682445476815553697534925510887, 39163011577698322646317443502502775084523469802994975914910120, 89515455737363956426401516136928202024116842295829475418640193, 128678465909824312990280301075227443736569489719582053230016046 ],
[ 2136207853689752814682445476815553697534925510887, 39163011577698322646317443502502775084523469802994975914910120, 89515455239660565195689465014814006061364431683355212430147625, 128678466407527704220992352197341639699321900332056316218508614 ],
[ 2136207853689752814682445476815553697534925510887, 39163011577698322646317443502502775084523469802994975914910120, 89515455239660565166322847885605828745048366109495431757758510, 128678466407527704250358969326549817015637965905916096890897729 ],
[ 2136207853689752814682445476815553697534925510887, 39163011577698322646317443502502775084523469802994975914910120, 89515455232661314961262233388401587597024830370822045935278016, 128678466414526954455419583823754058163661501644589482713378223 ],
[ 2136207853689752814682445476815553697534925510887, 39163011577698322646317443502502775084523469802994975914910120, 89515455232646542065680232335501355580968510791330645529980328, 128678466414541727351001584876654290179717821224080883118675911 ],
[ 2136207853689752814682445476815553697534925510887, 39163011577698322646317443502502775084523469802994975914910120, 89515455232646542036292375133280364831124363881225521845595567, 128678466414541727380389442078875280929561968134186006803060672 ],
[ 2136207853689752814682445476815553697534925510887, 39163011577698322646317443502502775084523469802994975914910120, 89515455232597833542336558942990881032789588872223882410801041, 128678466414590435874345258269164764727896743143187646237855198 ],
[ 2136207853689752814682445476815553697534925510887, 39163011577698322646317443502502775084523469802994975914910120, 89515455232369063997511848693429551802234545492806076908461137, 128678466414819205419169968518726093958451786522605451740195102 ],
[ 2136207853689752814682445476815553697534925510887, 39163011577698322646317443502502775084523469802994975914910120, 89515455232354291072541105435266321436067247202798699526760734, 128678466414833978344140711776889324324619084812612829121895505 ],
[ 2136207853689752814682445476815553697534925510887, 39163011577698322646317443502502775084523469802994975914910120, 89515455071338782970540120011653028683049685366139789728285465, 128678466575849486446141697200502617077636646649271738920370774 ],
[ 2136207853689752814682445476815553697534925510887, 39163011577698322646317443502502775084523469802994975914910120, 89515455071338782941683264634641229123918310441762849685144350, 128678466575849486474998552577514416636768021573648678963511889 ],
[ 2136207853689752814682445476815553697534925510887, 39163011577698322646317443502502775084523469802994975914910120, 89515455071324010074958118958725010508465224653863895295984209, 128678466575864259341723698253430635252221107361547633352672030 ],
[ 2136207853689752814682445476815553697534925510887, 39163011577698322646317443502502775084523469802994975914910120, 89515455071324010046101263581713210949333849729486955252843094, 128678466575864259370580553630442434811352482285924573395813145 ],
[ 2136207853689752814682445476815553697534925510887, 39163011577698322646317443502502775084523469802994975914910120, 89515455070169779115473091006640114489269162058323801710720351, 128678466577018490301208726205515531271417169957087726937935888 ],
[ 2136207853689752814682445476815553697534925510887, 39163011577698322646317443502502775084523469802994975914910120, 89515455070169779086743676067705195531306275151418919739553112, 128678466577018490329938141144450450229380056863992608909103127 ],
[ 2136207853689752814682445476815553697534925510887, 39163011577698322646317443502502775084523469802994975914910120, 89515455070155006191161675014781808383724766811531777887801360, 128678466577033263225520142197373837376961565203879750760854879 ],
[ 2136207853689752814682445476815553697534925510887, 39163011577698322646317443502502775084523469802994975914910120, 89515455070121070621511964798098585089296036807918309254572865, 128678466577067198795169852414057060671390295207493219394083374 ],
[ 2136207853689752814682445476815553697534925510887, 39163011577698322646317443502502775084523469802994975914910120, 89515455070106297697205858824492324585389991802530138453006894, 128678466577081971719475958387663321175296340212881390195649345 ],
[ 2136207853689752814682445476815553697534925510887, 39163011577698322646317443502502775084523469802994975914910120, 89515455064324759840530887332312592040636050239782707344807320, 128678466582863509576150929879843053720050281775628821303848919 ],
[ 2136207853689752814682445476815553697534925510887, 39163011577698322646317443502502775084523469802994975914910120, 89515455064324759811652791882287979047976593979160424289670559, 128678466582863509605029025329867666712709738036251104358985680 ],
[ 2136207853689752814682445476815553697534925510887, 39163011577698322646317443502502775084523469802994975914910120, 89515455064309986944948886279412360028069303761839328395816912, 128678466582878282471732930932743285732617028253572200252839327 ],
[ 2136207853689752814682445476815553697534925510887, 39163011577698322646317443502502775084523469802994975914910120, 89515455064309986916070790829387747035409847501217045340680151, 128678466582878282500611026382767898725276484514194483307976088 ],
[ 2136207853689752814682445476815553697534925510887, 39163011577698322646317443502502775084523469802994975914910120, 89515455064276051346569761123771062640662924989377214888659846, 128678466582912218070112056088384583120023407026034313759996393 ],
[ 2136207853689752814682445476815553697534925510887, 39163011577698322646317443502502775084523469802994975914910120, 89515455064261278450987760070870830628097188225999747649649134, 128678466582926990965694057141284815132589143789411780999007105 ],
[ 2136207853689752814682445476815553697534925510887, 39163011577698322646317443502502775084523469802994975914910120, 89515455064261278422114974639098263237075072492215405905885673, 128678466582926990994566842573057382523611259523196122742770566 ],
[ 2136207853689752814682445476815553697534925510887, 39163011577698322646317443502502775084523469802994975914910120, 89515455064032508876780502637340556245845765361766738317990441, 128678466583155760539901314574815089514840566653644790330665798 ],
[ 2136207853689752814682445476815553697534925510887, 39163011577698322646317443502502775084523469802994975914910120, 89515455064032508847901522184273935652913419013338131710958126, 128678466583155760568780295027881710107772913002073396937698113 ],
[ 2136207853689752814682445476815553697534925510887, 39163011577698322646317443502502775084523469802994975914910120, 89515455064017735981198501584440324233285077171218829628877633, 128678466583170533435483315627715321527401254844192699019778606 ],
[ 2136207853689752814682445476815553697534925510887, 39163011577698322646317443502502775084523469802994975914910120, 89515455064017735952319521131373703640352730822790223021845318, 128678466583170533464362296080781942120333601192621305626810921 ],
[ 2136207853689752814682445476815553697534925510887, 39163011577698322646317443502502775084523469802994975914910120, 89515455043267917556407993351982342667634819651520767713808193, 128678466603920351860273823860173303093051512363890760934848046 ],
[ 2136207853689752814682445476815553697534925510887, 39163011577698322646317443502502775084523469802994975914910120, 89515455043267917524492567461792276565395300830246783895179078, 128678466603920351892189249750363369195291031185164744753477161 ],
[ 2136207853689752814682445476815553697534925510887, 39163011577698322646317443502502775084523469802994975914910120, 89515455036268667321980761725569924199224049720514909519913896, 128678466610919602094701055486585721561462282294896619128742343 ],
[ 2136207853689752814682445476815553697534925510887, 39163011577698322646317443502502775084523469802994975914910120, 89515455036268667290044095762367044663456449562995582689289135, 128678466610919602126637721449788601097229882452415945959367104 ],
[ 2136207853689752814682445476815553697534925510887, 39163011577698322646317443502502775084523469802994975914910120, 89515455036253894426398760672669692187238898759496200813633984, 128678466610934374990283056539485953573447433255915327835022255 ],
[ 2136207853689752814682445476815553697534925510887, 39163011577698322646317443502502775084523469802994975914910120, 89515455036253894394462094709466812651471298601976873983009223, 128678466610934375022219722502688833109215033413434654665647016 ],
[ 2136207853689752814682445476815553697534925510887, 39163011577698322646317443502502775084523469802994975914910120, 89515455036205185900506278519177328853136523592975234548214745, 128678466610983083516175538692978316907549808422436294100441494 ],
[ 2136207853689752814682445476815553697534925510887, 39163011577698322646317443502502775084523469802994975914910120, 89515455035976416358230377030597888404433764842498940493096729, 128678466611211853058451440181557757356252567172912588155559510 ],
[ 2136207853689752814682445476815553697534925510887, 39163011577698322646317443502502775084523469802994975914910120, 89515455035976416326292826064353001268393274597173290110576414, 128678466611211853090388991147802644492293057418238238538079825 ],
[ 2136207853689752814682445476815553697534925510887, 39163011577698322646317443502502775084523469802994975914910120, 89515455035961643462648375977697656392454672168875702046694993, 128678466611226625954033441234457989368231659846535826601961246 ],
[ 2136207853689752814682445476815553697534925510887, 39163011577698322646317443502502775084523469802994975914910120, 89515455035961643430710825011452769256414181923550051664174678, 128678466611226625985970992200702876504272150091861476984481561 ],
[ 2136207853689752814682445476815553697534925510887, 39163011577698322646317443502502775084523469802994975914910120, 89515455035084890571331731667661409020461327824068965376618374, 128678466612103378845350085544494236740225004191342563272037865 ],
[ 2136207853689752814682445476815553697534925510887, 39163011577698322646317443502502775084523469802994975914910120, 89515455035084890539522506142535410085862215684021696617967489, 128678466612103378877159311069620235674824116331389832030688750 ],
[ 2136207853689752814682445476815553697534925510887, 39163011577698322646317443502502775084523469802994975914910120, 89515455034807412503163348025584974210653241534682952475531615, 128678466612380856913518469186570671550033090480728576173124624 ],
[ 2136207853689752814682445476815553697534925510887, 39163011577698322646317443502502775084523469802994975914910120, 89515455034792639607581346972689373225677101233448466609679383, 128678466612395629809100470239466272535009230781963062038976856 ],
[ 2136207853689752814682445476815553697534925510887, 39163011577698322646317443502502775084523469802994975914910120, 89515455034792639575771236444521366690805099005594874299132944, 128678466612395629840910580767634279069881233009816654349523295 ],
[ 2136207853689752814682445476815553697534925510887, 39163011577698322646317443502502775084523469802994975914910120, 89515455034743931113620220764147843825704985697608885863511593, 128678466612444338303061596448007801934981346317802642785144646 ],
[ 2136207853689752814682445476815553697534925510887, 39163011577698322646317443502502775084523469802994975914910120, 89515455034743931081815420254231882892470323996593234864338478, 128678466612444338334866396957923762868216008018818293784317761 ]
];
